width: 9132.414666836961
height: 4566.207333418481
