width: 649.88867825008853
height: 324.94433912504427
