width: 801.7187419391357
height: 400.8593709695679
