width: 1133.5534100047219
height: 1133.5534100047219