width: 12915.1846790558
height: 3228.79616976395
