width: 909.288021411452
height: 227.322005352863
