width: 642.963725991736
height: 321.481862995868
