width: 919.08138281399988
height: 229.77034570349997
