width: 1133.8015180590212
height: 283.4503795147553
