width: 11184.878026629893
height: 3728.2926755432977
