width: 6275.651714718117
height: 6275.651714718117