width: 446.59327755302763
height: 446.59327755302763