width: 441.8345592841033
height: 441.8345592841033