width: 550.928509175394
height: 550.928509175394