width: 6457.5923395279
height: 6457.5923395279
