width: 795.94782566225448
height: 265.31594188741816
