width: 787.466525899206
height: 262.488841966402
