width: 981.9009174884733
height: 327.3003058294911
