width: 1166.4168359956561
height: 1166.4168359956561
