width: 459.54069140699994
height: 459.54069140699994
