width: 454.644010705726
height: 454.644010705726
