width: 566.9007590295106
height: 566.9007590295106
